Source,Total Time (ms),Eqsat Time (ms),Proof Time (ms),Iterations,E-Nodes,E-Classes,Explanation Length
Crash 4.lean:22:2,15,3,3,3,279,150,4
Explosion Failure.lean:12:2,24,6,0,2,229,116,2
Freshman Tags.lean:46:2,44,4,6,3,213,112,2
Freshman Tags.lean:46:2,50,1,12,2,189,103,3
Freshman Tags.lean:46:2,127,8,65,3,271,135,7
Freshman Tags.lean:46:2,111,20,38,6,310,143,4
Freshman Tags.lean:53:2,318,34,186,10,319,140,18
Freshman Tags.lean:56:2,76,14,17,5,241,120,3
Freshman Tags.lean:56:2,85,3,30,2,202,111,4
Freshman Tags.lean:56:2,193,14,104,3,323,161,7
Freshman Tags.lean:56:2,157,42,57,6,470,194,4
Freshman Tags.lean:56:2,78,7,14,3,264,137,4
Freshman Tags.lean:56:2,84,5,18,2,247,130,3
Freshman Tags.lean:56:2,197,5,104,2,240,127,9
Freshman Tags.lean:66:2,-,142,-,11,668,241,879
Int.lean:10:2,71,15,27,4,296,145,7
NatLit.lean:18:61,410,290,2,43,298,151,70
NatLit.lean:22:2,1093,37,794,17,341,143,80
Rise.lean:78:12,293,2,5,3,179,98,3
Rise.lean:78:12,56,2,4,3,222,124,3
Rise.lean:78:12,91,9,12,6,259,136,14
Rise.lean:83:12,504,0,0,2,155,88,1
Rise.lean:83:12,56,1,4,2,183,104,3
Rise.lean:88:12,574,4,12,4,206,110,16
Rise.lean:88:12,321,13,66,6,312,160,38
Rise.lean:94:12,975,1,4,2,175,97,3
Rise.lean:94:12,64,1,5,2,198,109,3
Rise.lean:94:12,87,7,10,6,242,128,13
Rise.lean:99:12,1204,1,8,3,165,90,3
Rise.lean:99:12,72,2,7,3,194,106,3
Rise.lean:99:12,97,7,14,6,213,113,6
Rise.lean:99:12,113,9,15,6,224,118,6
Rise.lean:105:12,1561,2,4,3,212,116,3
Rise.lean:105:12,171,11,24,6,304,160,30
Rise.lean:110:12,1818,3,7,3,234,126,4
Rise.lean:110:12,135,9,26,4,324,169,8
Rise.lean:115:12,2057,4,7,3,246,132,4
Rise.lean:115:12,144,10,26,4,336,175,8
Rise.lean:121:12,3998,15,138,6,279,144,191
Rise.lean:121:12,3860,36,295,7,393,193,181
Rise.lean:127:12,8054,5,10,4,219,118,17
Rise.lean:127:12,1297,22,116,7,319,162,145
Rise.lean:133:12,9982,6,88,4,227,121,82
Rise.lean:133:12,1215,17,105,6,303,157,112
Rise.lean:133:12,754,12,77,5,303,164,74
Rise.lean:133:12,-,47,-,9,418,208,384
Rise.lean:138:12,12550,1,3,3,165,91,2
Rise.lean:138:12,117,8,8,7,230,123,7
Rise.lean:144:12,12771,1,6,3,160,88,4
Rise.lean:144:12,109,2,1,3,187,104,2
Rise.lean:144:12,118,2,5,3,214,116,4
Rise.lean:144:12,-,29,-,9,338,171,423
Rise.lean:150:12,13543,4,10,4,216,117,6
Rise.lean:150:12,129,6,6,4,263,141,5
Rise.lean:150:12,178,18,29,7,318,163,13
Rise.lean:150:12,925,34,71,7,473,238,78
Rise.lean:155:2,14907,9,6,5,262,143,4
Rise.lean:161:12,15026,5,5,4,237,131,4
Rise.lean:161:12,140,8,11,4,314,168,7
Rise.lean:167:12,15303,5,6,4,245,135,4
Rise.lean:167:12,159,16,6,7,341,177,18
WIP AC.lean:13:2,-,-,-,-,-,-,-
