Source,Total Time (ms),Eqsat Time (ms),Proof Time (ms),Iterations,E-Nodes,E-Classes,Explanation Length
Crash 4.lean:22:2,28,15,2,3,362,177,4
Explosion Failure.lean:12:2,30,11,1,2,170,84,2
Freshman Tags.lean:46:2,45,3,6,3,217,114,2
Freshman Tags.lean:46:2,54,2,12,2,194,104,3
Freshman Tags.lean:46:2,142,9,74,3,275,137,7
Freshman Tags.lean:46:2,121,15,46,4,301,139,4
Freshman Tags.lean:53:2,278,29,166,9,319,140,18
Freshman Tags.lean:56:2,72,10,16,4,271,138,3
Freshman Tags.lean:56:2,83,2,29,2,207,112,4
Freshman Tags.lean:56:2,195,13,111,3,327,163,7
Freshman Tags.lean:56:2,380,23,255,4,404,176,12
Freshman Tags.lean:56:2,81,8,14,3,295,149,4
Freshman Tags.lean:56:2,80,5,14,2,251,131,3
Freshman Tags.lean:56:2,131,5,55,2,243,128,5
Freshman Tags.lean:66:2,-,306,-,9,768,235,13141
Int.lean:10:2,69,14,27,4,301,147,7
NatLit.lean:18:61,323,204,2,36,298,151,70
NatLit.lean:22:2,1237,32,915,16,341,143,82
Rise.lean:78:12,323,2,5,3,180,98,3
Rise.lean:78:12,58,2,5,3,222,124,3
Rise.lean:78:12,92,9,12,6,259,136,14
Rise.lean:83:12,543,0,0,2,156,88,1
Rise.lean:83:12,63,0,3,2,183,104,3
Rise.lean:88:12,569,4,6,4,206,110,4
Rise.lean:88:12,276,11,65,5,312,160,26
Rise.lean:94:12,931,1,5,2,176,97,3
Rise.lean:94:12,65,1,5,2,197,108,3
Rise.lean:94:12,88,7,10,6,242,128,13
Rise.lean:99:12,1162,1,7,3,167,91,3
Rise.lean:99:12,70,2,7,3,194,106,3
Rise.lean:99:12,93,5,14,5,213,113,6
Rise.lean:99:12,108,6,16,5,224,118,6
Rise.lean:105:12,1510,2,4,3,214,117,3
Rise.lean:105:12,122,8,19,5,304,160,16
Rise.lean:110:12,1716,3,8,3,234,126,4
Rise.lean:110:12,132,9,26,4,324,169,8
Rise.lean:115:12,1950,4,7,3,246,132,4
Rise.lean:115:12,143,10,25,4,336,175,8
Rise.lean:121:12,2826,9,56,4,279,144,73
Rise.lean:121:12,2832,22,211,5,392,194,153
Rise.lean:127:12,5831,5,8,4,219,118,13
Rise.lean:127:12,445,13,55,5,320,163,45
Rise.lean:133:12,6494,4,25,3,226,121,15
Rise.lean:133:12,681,10,54,4,303,157,66
Rise.lean:133:12,266,5,30,3,284,158,15
Rise.lean:133:12,424,20,56,5,408,209,14
Rise.lean:138:12,7968,1,4,3,167,92,2
Rise.lean:138:12,116,6,9,6,230,123,7
Rise.lean:144:12,8194,1,6,3,162,89,4
Rise.lean:144:12,108,2,1,3,187,104,2
Rise.lean:144:12,117,2,4,3,214,116,4
Rise.lean:144:12,507,21,176,7,338,171,29
Rise.lean:150:12,9084,4,11,4,221,119,6
Rise.lean:150:12,135,6,7,4,263,141,5
Rise.lean:150:12,188,15,33,6,318,163,13
Rise.lean:150:12,249,21,22,5,469,238,10
Rise.lean:155:2,9795,10,6,5,264,143,4
Rise.lean:161:12,9916,4,5,4,242,133,4
Rise.lean:161:12,143,7,12,4,314,168,7
Rise.lean:167:12,10206,5,7,4,250,137,4
Rise.lean:167:12,167,16,7,7,341,177,18
WIP AC.lean:13:2,-,-,-,-,-,-,-
